123,2
123,1
123,0
122,3
122,2
122,1
122,0
121,4
121,3
121,2
121,1
121,0
120,3
120,2
120,1
120,0
119,3
119,2
119,1
119,0
118,5
118,4
118,3
118,2
118,1
118,0
117,3
117,2
117,1
117,0
116,4
116,3
116,2
116,1
116,0
115,3
115,2
115,1
115,0
114,4
114,3
114,2
114,1
114,0
113,4
113,3
113,2
113,1
113,0
112,4
112,3
112,2
112,1
112,0
111,4
111,3
111,2
111,1
111,0
50,5
50,4
50,3
50,2
50,1
50,0
8,3
8,2
8,1
8,0
7,3
0,6
0,49
550,4
550,3
550,2
550,1
548,5
548,4
548,3
548,2
548,1
547,4
547,3
547,2
547,1
546,3
546,2
546,1
545,4
545,3
545,2
545,1
544,3
544,2
544,1
543,3
543,2
543,1
542,5
542,4
542,3
542,2
542,1
541,3
541,2
541,1
540,4
540,3
540,2
540,1
539,3
539,2
539,1
5,5
5,4
5,3
5,2
5,0
4,3
3,132
3,131
3,130
3,129
3,128
3,62
3,61
3,60
3,59
3,58
3,57
3,56
3,55
3,54
3,53
3,52
3,51
3,50
3,49
3,48
3,47
3,46
3,45
3,44
3,43
3,42
3,41
3,40
3,39
3,38
3,37
3,36
3,35
3,34
3,33
3,32
3,31
3,30
3,29
3,28
3,27
3,26
3,25
3,24
3,23
123,3
123,4
3,22
3,21
3,20
3,19
3,18
3,17
3,16
3,15
3,14
3,13
3,12
3,11
3,10
3,9
3,8
3,7
3,6
3,5
3,4
3,3
3,2
3,0
2,68
2,67
2,66
2,65
2,64
2,63
2,62
2,61
2,60
2,58
2,57
2,56
2,54
2,53
2,52
2,51
2,50
2,49
2,48
2,47
2,46
2,45
2,44
2,43
2,42
2,41
2,40
2,39
2,38
2,37
2,36
2,35
2,34
2,33
2,32
2,31
2,30
2,29
2,28
2,27
2,26
2,25
2,24
2,23
2,22
2,21
2,20
2,19
2,18
2,17
2,16
2,15
2,14
2,13
2,12
2,11
2,10
2,9
2,8
2,7
2,6
2,5
2,4
2,3
2,2
2,0
1,260
1,259
1,258
1,256
1,63
1,62
1,61
1,60
1,59
1,58
1,56
1,55
1,54
1,53
1,52
1,51
1,50
1,49
1,48
1,47
1,46
1,45
1,44
1,43
1,42
1,41
1,40
1,39
1,38
1,37
1,36
1,35
1,34
1,33
1,32
1,31
1,30
1,29
1,28
1,27
1,26
1,25
1,24
1,23
1,22
1,21
1,20
1,19
1,18
1,17
1,16
1,15
1,14
1,13
1,12
1,11
1,10
1,9
1,8
1,7
1,6
1,5
1,4
1,3
1,2
1,0
0,48
0,47
0,46
0,45
0,12
0,11
0,10
0,9
0,8
0,2
0,0
0,5
0,7
0,4
0,3
550,0
548,0
547,0
546,0
545,0
544,0
543,0
542,0
541,0
540,0
539,0
